[22.48554039,91.99189758333333],
[22.59104729,92.03915659666667],
[22.59091377,92.0240385288889],
[22.60956955,92.03315480333333],
[22.60956955,91.96082305444443],
[23.71752167,92.23058064666667],
[23.72430611,92.21343739999999],
[23.71074486,92.24548339444445],
[22.52927208,92.30002848444445],
[22.47771454,92.27086639333334],
[22.3487339,92.14319102],
[22.3544693,92.13716295],
[22.36595535,92.12948693222222],
[22.43083954,92.12922668666667],
[22.50718498,92.09843699444444],
[22.59382057,92.07863871333333],
[22.5992012,92.04099782],
[22.60981178,92.03901418333332],
[22.61095238,92.04720815],
[22.6096859,92.02754465555556],
[22.60948944,92.02777438555556],
[22.60523987,92.05092451666667],
[22.54498672,92.01893700444445],
[22.52224731,92.02295430666666],
[22.52222252,92.0219489211111],
[22.52222252,92.02164205],
[22.50712395,92.13517591555555],
[22.49893379,92.01351165666667],
[22.49893379,92.01083882777777],
[22.48810768,92.00216420111111],